Iteration	CPUTime	PhysTime	Travels	Value	AvValue	MinValue	MaxValue	Delta	Criteria	Progress	dGMaxMin	CriteriaType	CriteriaVarType	CriteriaPercentage
1	4	0	0.0146342489	5687440.92	5687440.92	5687440.92	5687440.92	0	0	0	4.51314e+008	0	0	3
2	5	0	0.0292684978	2190241.33	3938841.13	2190241.33	5687440.92	1748599.8	0	0	7.32676e+008	0	0	3
3	7	0	0.0439027466	1817374.95	3231685.73	1817374.95	5687440.92	2455755.19	0	0	9.77221e+008	0	0	3
4	9	0	0.0585369955	2006662.37	2925429.89	1817374.95	5687440.92	2762011.03	0	0	1.17368e+009	0	0	3
5	10	0	0.0731712444	1455387	2631421.31	1455387	5687440.92	3056019.61	0	0	1.32775e+009	0	0	3
6	12	0	0.0878054933	1572870.71	2454996.21	1455387	5687440.92	3232444.71	0	0	1.37205e+009	0	0	3
7	14	0	0.102439742	1313841.63	2291974.13	1313841.63	5687440.92	3395466.8	0	0	1.40098e+009	0	0	3
8	15	0	0.117073991	1283878.24	2165962.14	1283878.24	5687440.92	3521478.78	0	0	1.42202e+009	0	0	3
9	17	0	0.13170824	1375392.2	2078121.04	1283878.24	5687440.92	3609319.89	0	0	1.45388e+009	0	0	3
10	19	0	0.146342489	1203877.48	1990696.68	1203877.48	5687440.92	3696744.24	0	0	1.47591e+009	0	0	3
11	20	0	0.160976738	1345650.86	1932056.15	1203877.48	5687440.92	3755384.77	0	0	1.49212e+009	0	0	3
12	22	0	0.175610987	1300384.44	1879416.84	1203877.48	5687440.92	3808024.08	0	0	1.51034e+009	0	0	3
13	24	0	0.190245235	1240181.13	1830244.87	1203877.48	5687440.92	3857196.06	0	0	1.52875e+009	0	0	3
14	25	0	0.204879484	1131828.49	1780357.98	1131828.49	5687440.92	3907082.94	0	0	1.54702e+009	0	0	3
15	27	0	0.219513733	963375.467	1725892.48	963375.467	5687440.92	3961548.44	0	0	1.56568e+009	0	0	3
16	30	0	0.234147982	945717.551	1677131.55	945717.551	5687440.92	4010309.38	0	0	1.57788e+009	0	0	3
17	32	0	0.248782231	846786.773	1628287.74	846786.773	5687440.92	4059153.19	0	0	1.58702e+009	0	0	3
18	34	0	0.26341648	672855.654	1575208.18	672855.654	5687440.92	4112232.75	0	0	1.59468e+009	0	0	3
19	35	0	0.278050729	577243.177	1522683.7	577243.177	5687440.92	4164757.22	0	0	1.6056e+009	0	0	3
20	37	0	0.292684978	489406.043	1471019.82	489406.043	5687440.92	4216421.1	0	0	1.61345e+009	0	0	3
21	38	0	0.307319226	510581.14	1425284.65	489406.043	5687440.92	4262156.28	0	0	1.61956e+009	0	0	3
22	40	0	0.321953475	450118.837	1380958.93	450118.837	5687440.92	4306482	0	0	1.62489e+009	0	0	3
23	42	0	0.336587724	344143.322	1335879.99	344143.322	5687440.92	4351560.94	0	0	1.63175e+009	0	0	3
24	43	0	0.351221973	232983.457	1289925.97	232983.457	5687440.92	4397514.96	0	0	1.63433e+009	0	0	3
25	45	0	0.365856222	166564.656	1244991.51	166564.656	5687440.92	4442449.41	0	0	1.64175e+009	0	0	3
26	46	0	0.380490471	45893.172	1198872.35	45893.172	5687440.92	4488568.58	0	0	1.64616e+009	0	0	3
27	48	0	0.39512472	-81854.3512	1151438.02	-81854.3512	5687440.92	4536002.9	0	0	1.65218e+009	0	0	3
28	50	0	0.409758969	-214958.054	1102638.16	-214958.054	5687440.92	4584802.76	0	0	1.65563e+009	0	0	3
29	51	0	0.424393218	-343820.615	1052760.27	-343820.615	5687440.92	4634680.65	0	0	1.6614e+009	0	0	3
30	53	0	0.439027466	-467997.01	1002068.37	-467997.01	5687440.92	4685372.56	0	0	1.66454e+009	0	0	3
31	54	0	0.453661715	-594691.53	950559.982	-594691.53	5687440.92	4736880.94	0	0	1.66924e+009	0	0	3
32	56	0	0.468295964	-783667.71	896365.366	-783667.71	5687440.92	4791075.56	0	0	1.67151e+009	0	0	3
33	58	0	0.482930213	-938060.909	840776.691	-938060.909	5687440.92	4846664.23	0	0	1.67636e+009	0	0	3
34	59	0	0.497564462	-1134326.02	782685.435	-1134326.02	5687440.92	4904755.49	0	0	1.67911e+009	0	0	3
35	61	0	0.512198711	-1256686.23	724417.673	-1256686.23	5687440.92	4963023.25	0	0	1.68376e+009	0	0	3
36	62	0	0.52683296	-1365730.18	522898.499	-1365730.18	2190241.33	3415942.63	0	0	1.68516e+009	0	0	3
37	64	0	0.541467209	-1408246.82	420084.552	-1408246.82	2006662.37	2811601.18	0	0	1.68879e+009	0	0	3
38	65	0	0.556101457	-1453546.99	326629.639	-1453546.99	2006662.37	2598800.25	0	0	1.6896e+009	0	0	3
39	67	0	0.570735706	-1453208.06	227776.198	-1453546.99	1572870.71	2403645.12	0	0	1.69285e+009	0	0	3
40	69	0	0.585369955	-1476789.56	143999.725	-1476789.56	1572870.71	2310996.49	0	0	1.69158e+009	0	0	3
41	71	0	0.600004204	-1438087.13	57972.3584	-1476789.56	1375392.2	2234001.77	0	0	1.69333e+009	0	0	3
42	72	0	0.614638453	-1446953.52	-20907.503	-1476789.56	1375392.2	2186869.65	0	0	1.69116e+009	0	0	3
43	74	0	0.629272702	-1380155.8	-97022.7614	-1476789.56	1375392.2	2175143.8	0	0	1.69336e+009	0	0	3
44	78	0	0.643906951	-1373055.1	-175549.827	-1476789.56	1345650.86	2166246.51	0	0	1.6911e+009	0	0	3
45	81	0	0.6585412	-1317146.26	-247579.077	-1476789.56	1345650.86	2179635.23	0	0	1.69318e+009	0	0	3
46	83	0	0.673175448	-1317558.17	-323670.763	-1476789.56	1300384.44	2203087.61	0	0	1.69063e+009	0	0	3
47	87	0	0.687809697	-1194216.09	-394945.064	-1476789.56	1240181.13	2225189.93	0	0	1.69253e+009	0	0	3
48	90	0	0.702443946	-1184270.43	-464215.109	-1476789.56	1131828.49	2244573.09	0	0	1.69047e+009	0	0	3
49	93	0	0.717078195	-1095651.91	-527857.406	-1476789.56	963375.467	2253749.89	0	0	1.69214e+009	0	0	3
50	95	0	0.731712444	-1108310.04	-587048.42	-1476789.56	945717.551	2264179.97	0	0	1.68985e+009	0	0	3
51	98	0	0.746346693	-1043501.57	-643883.252	-1476789.56	846786.773	2272170.99	0	0	1.69246e+009	0	0	3
52	100	0	0.760980942	-1029901.02	-697502.904	-1476789.56	672855.654	2149645.22	0	0	1.69101e+009	0	0	3
53	102	0	0.775615191	-974637.239	-744574.129	-1476789.56	577243.177	2054032.74	0	0	1.69292e+009	0	0	3
54	104	0	0.79024944	-1026654.75	-790399.784	-1476789.56	510581.14	1987370.7	0	0	1.69105e+009	0	0	3
55	107	0	0.804883688	-1016127.4	-833415.025	-1476789.56	510581.14	1987370.7	0	0	1.69344e+009	0	0	3
56	111	0	0.819517937	-1086344.18	-879041.463	-1476789.56	450118.837	1926908.4	0	0	1.69145e+009	0	0	3
57	113	0	0.834152186	-1097175.01	-923249.859	-1476789.56	344143.322	1820932.89	0	0	1.69328e+009	0	0	3
58	115	0	0.848786435	-1110188.27	-964802.19	-1476789.56	232983.457	1709773.02	0	0	1.6904e+009	0	0	3
59	117	0	0.863420684	-1110912.56	-1003199.22	-1476789.56	166564.656	1643354.22	0	0	1.69251e+009	0	0	3
60	119	0	0.878054933	-1126751.09	-1040151.1	-1476789.56	45893.172	1522682.74	0	0	1.69065e+009	0	0	3
61	121	0	0.892689182	-1149902.16	-1074316.68	-1476789.56	-81854.3512	1394935.21	0	0	1.69283e+009	0	0	3
62	122	0	0.907323431	-1142785.54	-1104629	-1476789.56	-214958.054	1261831.51	0	0	1.6902e+009	0	0	3
63	124	0	0.921957679	-1068510.11	-1129016.2	-1476789.56	-343820.615	1132968.95	0	0	1.69176e+009	0	0	3
64	126	0	0.936591928	-1016159.42	-1148225.88	-1476789.56	-467997.01	1008792.55	0	0	1.6888e+009	0	0	3
65	128	0	0.951226177	-919928.745	-1161138.21	-1476789.56	-594691.53	882098.033	0	0	1.68948e+009	0	0	3
66	130	0	0.965860426	-896638.225	-1169765.26	-1476789.56	-783667.71	693121.853	0	0	1.68772e+009	0	0	3
67	132	0	0.980494675	-906354.503	-1173270.6	-1476789.56	-896638.225	580151.339	0	0	1.68894e+009	0	0	3
68	134	0	0.995128924	-969061.054	-1174156.32	-1476789.56	-896638.225	580151.339	0	0	1.68724e+009	0	0	3
69	136	0	1.00976317	-962575.216	-1169249.15	-1476789.56	-896638.225	580151.339	104503.558	0	1.68875e+009	0	0	3
