Iteration	CPUTime	PhysTime	Travels	Value	AvValue	MinValue	MaxValue	Delta	Criteria	Progress	dGMaxMin	CriteriaType	CriteriaVarType	CriteriaPercentage
1	4	0	0.0146342489	293.206568	293.206568	293.206568	293.206568	0	0	0	65.9487	0	0	3
2	5	0	0.0292684978	293.212013	293.20929	293.206568	293.212013	0.00272258252	0	0	37.4699	0	0	3
3	7	0	0.0439027466	293.218189	293.212257	293.206568	293.218189	0.00568881495	0	0	35.6255	0	0	3
4	9	0	0.0585369955	293.225914	293.215671	293.206568	293.225914	0.00910308766	0	0	58.5515	0	0	3
5	10	0	0.0731712444	293.236132	293.219763	293.206568	293.236132	0.0131953046	0	0	76.3794	0	0	3
6	12	0	0.0878054933	293.262988	293.226967	293.206568	293.262988	0.0203995457	0	0	97.9844	0	0	3
7	14	0	0.102439742	293.329636	293.241634	293.206568	293.329636	0.0350664575	0	0	107.951	0	0	3
8	15	0	0.117073991	293.422821	293.264283	293.206568	293.422821	0.0577147904	0	0	114.737	0	0	3
9	17	0	0.13170824	293.523155	293.293046	293.206568	293.523155	0.0864784046	0	0	145.067	0	0	3
10	19	0	0.146342489	293.626776	293.326419	293.206568	293.626776	0.11985144	0	0	154.164	0	0	3
11	20	0	0.160976738	293.805145	293.36994	293.206568	293.805145	0.163371993	0	0	233.347	0	0	3
12	22	0	0.175610987	294.047601	293.426411	293.206568	294.047601	0.21984373	0	0	136.545	0	0	3
13	24	0	0.190245235	294.287997	293.492687	293.206568	294.287997	0.286119506	0	0	186.727	0	0	3
14	25	0	0.204879484	294.556499	293.568674	293.206568	294.556499	0.362106057	0	0	238.711	0	0	3
15	27	0	0.219513733	294.866546	293.655199	293.206568	294.866546	0.448630862	0	0	291.186	0	0	3
16	30	0	0.234147982	295.302791	293.758173	293.206568	295.302791	0.551605361	0	0	337.167	0	0	3
17	32	0	0.248782231	295.78653	293.877488	293.206568	295.78653	0.670920471	0	0	382.968	0	0	3
18	34	0	0.26341648	296.309	294.012572	293.206568	296.309	0.806004438	0	0	410.867	0	0	3
19	35	0	0.278050729	296.820271	294.160346	293.206568	296.820271	0.953778046	0	0	442.314	0	0	3
20	37	0	0.292684978	297.339089	294.319283	293.206568	297.339089	1.11271521	0	0	453.496	0	0	3
21	38	0	0.307319226	298.129864	294.500739	293.206568	298.129864	1.29417146	0	0	474.377	0	0	3
22	40	0	0.321953475	298.96719	294.70376	293.206568	298.96719	1.49719197	0	0	478.044	0	0	3
23	42	0	0.336587724	299.823689	294.926365	293.206568	299.823689	1.7197976	0	0	479.215	0	0	3
24	43	0	0.351221973	300.688567	295.166457	293.206568	300.688567	1.95988935	0	0	476.042	0	0	3
25	45	0	0.365856222	301.543282	295.42153	293.206568	301.543282	2.21496234	0	0	476.443	0	0	3
26	46	0	0.380490471	302.860214	295.707633	293.206568	302.860214	2.50106558	0	0	466.743	0	0	3
27	48	0	0.39512472	304.120814	296.019233	293.206568	304.120814	2.81266488	0	0	466.96	0	0	3
28	50	0	0.409758969	305.311649	296.351105	293.206568	305.311649	3.14453688	0	0	469.139	0	0	3
29	51	0	0.424393218	306.4156	296.698156	293.206568	306.4156	3.49158845	0	0	466.661	0	0	3
30	53	0	0.439027466	307.423439	297.055666	293.206568	307.423439	3.84909787	0	0	474.788	0	0	3
31	54	0	0.453661715	308.767226	297.433458	293.206568	308.767226	4.22689014	0	0	469.443	0	0	3
32	56	0	0.468295964	309.982691	297.825621	293.206568	309.982691	4.61905368	0	0	474.369	0	0	3
33	58	0	0.482930213	311.134078	298.228908	293.206568	311.134078	5.02234024	0	0	469.384	0	0	3
34	59	0	0.497564462	312.363234	298.644623	293.206568	312.363234	5.4380557	0	0	481.905	0	0	3
35	61	0	0.512198711	313.546096	299.07038	293.206568	313.546096	5.86381207	0	0	470.589	0	0	3
36	62	0	0.52683296	315.570815	299.709358	293.212013	315.570815	6.50006798	0	0	414.288	0	0	3
37	64	0	0.541467209	317.590597	300.405889	293.218189	317.590597	7.19363272	0	0	419.383	0	0	3
38	65	0	0.556101457	319.66082	301.161393	293.225914	319.66082	7.94572218	0	0	327.295	0	0	3
39	67	0	0.570735706	321.613032	301.972454	293.236132	321.613032	8.75269048	0	0	293.006	0	0	3
40	69	0	0.585369955	323.435327	302.835288	293.262988	323.435327	9.6083204	0	0	250.948	0	0	3
41	71	0	0.600004204	325.63165	303.760107	293.329636	325.63165	10.5184724	0	0	250.711	0	0	3
42	72	0	0.614638453	327.518125	304.736921	293.422821	327.518125	11.472638	0	0	236.104	0	0	3
43	74	0	0.629272702	328.994625	305.753258	293.523155	328.994625	12.4602117	0	0	226.704	0	0	3
44	78	0	0.643906951	330.12545	306.799038	293.626776	330.12545	13.4726185	0	0	233.505	0	0	3
45	81	0	0.6585412	330.812211	307.861479	293.805145	330.812211	14.4915389	0	0	222.658	0	0	3
46	83	0	0.673175448	331.270331	308.931913	294.047601	331.270331	15.5055011	0	0	237.772	0	0	3
47	87	0	0.687809697	331.636525	310.005882	294.287997	331.636525	16.5131946	0	0	223.4	0	0	3
48	90	0	0.702443946	331.95156	311.081984	294.556499	331.95156	17.5133098	0	0	239.364	0	0	3
49	93	0	0.717078195	332.301418	312.16041	294.866546	332.301418	18.5052113	0	0	223.415	0	0	3
50	95	0	0.731712444	332.692449	313.24115	295.302791	332.692449	19.4829769	0	0	242.101	0	0	3
51	98	0	0.746346693	333.178803	314.323322	295.78653	333.178803	20.4458336	0	0	228.186	0	0	3
52	100	0	0.760980942	333.836492	315.410464	296.309	333.836492	21.3978914	0	0	235.162	0	0	3
53	102	0	0.775615191	334.535414	316.502647	296.820271	334.535414	22.342301	0	0	224.773	0	0	3
54	104	0	0.79024944	335.410539	317.605226	297.339089	335.410539	23.285943	0	0	239.862	0	0	3
55	107	0	0.804883688	336.34168	318.719586	298.129864	336.34168	24.2188464	0	0	230.267	0	0	3
56	111	0	0.819517937	337.381699	319.841067	298.96719	337.381699	25.1373069	0	0	237.232	0	0	3
57	113	0	0.834152186	338.372127	320.966922	299.823689	338.372127	26.0405566	0	0	226.08	0	0	3
58	115	0	0.848786435	339.529136	322.101363	300.688567	339.529136	26.9349062	0	0	236.508	0	0	3
59	117	0	0.863420684	340.559998	323.240547	301.543282	340.559998	27.8190169	0	0	235.125	0	0	3
60	119	0	0.878054933	341.824395	324.391436	302.860214	341.824395	28.6838027	0	0	234.835	0	0	3
61	121	0	0.892689182	342.863875	325.534398	304.120814	342.863875	29.5151651	0	0	234.652	0	0	3
62	122	0	0.907323431	343.808341	326.668327	305.311649	343.808341	30.3172224	0	0	230.558	0	0	3
63	124	0	0.921957679	344.48993	327.787707	306.4156	344.48993	31.0895503	0	0	232.939	0	0	3
64	126	0	0.936591928	345.174956	328.895117	307.423439	345.174956	31.8394511	0	0	231.572	0	0	3
65	128	0	0.951226177	345.87594	329.99376	308.767226	345.87594	32.5603017	0	0	239.227	0	0	3
66	130	0	0.965860426	347.073286	331.088218	309.982691	347.073286	33.262597	0	0	237.592	0	0	3
67	132	0	0.980494675	348.129745	332.178134	311.134078	348.129745	33.9492263	0	0	244.339	0	0	3
68	134	0	0.995128924	349.324807	333.269298	312.363234	349.324807	34.6246745	0	0	242.566	0	0	3
69	136	0	1.00976317	350.292903	334.353003	313.546096	350.292903	35.282623	1.71224143	0	247.276	0	0	3
